0000000000000000000000000000000000000000000000000000000000000000
0000000000000000000000000000000000000000000000000000000000000000
0000000000000000000000000000000000000000000000000000000000000000
0000000000000000000000000000000000000000000000000000000000000000
0000000000000111111000000000000000000000000000000000000000000000
0000000000111100000000000000000000000000000000000000000000000000
0000000001100000000000000000000000000000000000000000000000000000
0000000011000000000000000000000000000000000000000000000000000000
0000000110000000000000000000000000000000000000000000000000000000
0000001100000000000000000000000000000000000000000000000000000000
0000001000001111111111100000000000000000000000000000000000000000
0000001000111000000000110000000000000000000000000000000000000000
0000011000100000000000001000000000000000000000000000000000000000
0000010000100000000000001100000000000000000000000000000000000000
0000010000100011111100000100000000000000000000000000000000000000
0000010000100010000110000100000000000000000000000000000000000000
0000010000100010000010000100000000000000000000000000000000000000
0000010000100010001010000100000000000000000000000000000000000000
0000011000100011111010000100000000000000000000000000000000000000
0000001000100000000010000100000000000000000000000000000000000000
0000001000010000000010000100000000000000000000000000000000000000
0000001100011100000110000100000000000000000000000000000000000000
0000000100000111111100001100000000000000000000000000000000000000
0000000110000000000000001000000000000000000000000000000000000000
0000000010000000000000001000000000000000000000000000000000000000
0000000011000000000000011000000000000000000000000000000000000000
0000000001100000000000010000000000000000000000000000000000000000
0000000000111000111011110000000000000000000000000000000000000000
0000000000000111101110000000000000000000000000000000000000000000
0000000000000000000000000000000000000000000000000000000000000000
0000000000000000000000000000000000000000000000000000000000000000
0000000000000000000000000000000000000000000000000000000000000000
0000000000000000000000000000000000000000000000000000000000000000
0000000000000000000000000000000000000000000000000000000000000000
0000000000000000000000000000000000000000000000000000000000000000
0000000000000000000000000000000000000000000000000000000000000000
0000000000000000000000000000000000000000000000000000000000000000
0000000000000000000000000000000000000000000000000000000000000000
0000000000000000000000000000000000000000000000000000000000000000
0000000000000000000000000000000000000000000000000000000000000000
0000000000000000000000000000000000000000000000000000000000000000
0000000000000000000000000000000000000000000000000000000000000000
0000000000000000000000000000000000000000000000000000000000000000
0000000000000000000000000000000000000000000000000000000000000000
0000000000000000000000000000000000000000000000000000000000000000
0000000000000000000000000000000000000000000000000000000000000000
0000000000000000000000000000000000000000000000000000000000000000
0000000000000000000000000000000000000000000000000000000000000000
0000000000000000000000000000000000000000000000000000000000000000
0000000000000000000000000000000000000000000000000000000000000000
0000000000000000000000000000000000000000000000000000000000000000
0000000000000000000000000000000000000000000000000000000000000000
0000000000000000000000000000000000000000000000000000000000000000
0000000000000000000000000000000000000000000000000000000000000000
0000000000000000000000000000000000000000000000000000000000000000
0000000000000000000000000000000000000000000000000000000000000000
0000000000000000000000000000000000000000000000000000000000000000
0000000000000000000000000000000000000000000000000000000000000000
0000000000000000000000000000000000000000000000000000000000000000
0000000000000000000000000000000000000000000000000000000000000000
0000000000000000000000000000000000000000000000000000000000000000
0000000000000000000000000000000000000000000000000000000000000000
0000000000000000000000000000000000000000000000000000000000000000
0000000000000000000000000000000000000000000000000000000000000000