00000000000000000000000000000000000000000000000000000000000000000000000000000000000000000000000000000000000000000000000000000000
00000000000000000000000000000000000000000000000000000000000000000000000000000000000000000000000000000000000000000000000000000000
00000000000000000000000000000000000000000000000000000000000000000000000000000000000000000000000000000000000000000000000000000000
00000000000000000000000000000000000000000000000000000000000000000000000000000000000000000000000000000000000000000000000000000000
00000000000000000000000000000000000000011111111111111111111111111111111111111111111111111111100000000000000000000000000000000000
00000000000000000000000000000000000000011111111111111111111111111111111111111111111111111111100000000000000000000000000000000000
00000000000000000000000000000000000000011111111111111111111111111111111111111111111111111111100000000000000000000000000000000000
00000000000000000000000000000000000000011111111111111111111111111111111111111111111111111111100000000000000000000000000000000000
00000000000000000000000000000001111111100000000000000000000000000000000000000000000000000000011111111100000000000000000000000000
00000000000000000000000000000001111111100000000000000000000000000000000000000000000000000000011111111100000000000000000000000000
00000000000000000000000000000001111111100000000000000000000000000000000000000000000000000000011111111100000000000000000000000000
00000000000000000000000000000001111111100000000000000000000000000000000000000000000000000000011111111100000000000000000000000000
00000000000000000000000000000001111111100000000000000000000000000000000000000000000000000000011111111100000000000000000000000000
00000000000000000000011111111110000000000000000000000000000000000000000000000000000000000000000000000011111111100000000000000000
00000000000000000000011111111110000000000000000000000000000000000000000000000000000000000000000000000011111111100000000000000000
00000000000000000000011111111110000000000000000000000000000000000000000000000000000000000000000000000011111111100000000000000000
00000000000000000000011111111110000000000000000000000000000000000000000000000000000000000000000000000011111111100000000000000000
00000000000000000000011111111110000000000000000000000000000000000000000000000000000000000000000000000011111111100000000000000000
00000000000000001111100000000000000000000000000000000000000000000000000000000000000000000000000000000000000000011111000000000000
00000000000000001111100000000000000000000000000000000000000000000000000000000000000000000000000000000000000000011111000000000000
00000000000000001111100000000000000000000000000000000000000000000000000000000000000000000000000000000000000000011111000000000000
00000000000000001111100000000000000000000000000000000000000000000000000000000000000000000000000000000000000000011111000000000000
00000000000111110000000000000000000000000000000000000000000000000000000000000000000000000000000000000000000000000000111110000000
00000000000111110000000000000000000000000000000000000000000000000000000000000000000000000000000000000000000000000000111110000000
00000000000111110000000000000000000000000000000000000000000000000000000000000000000000000000000000000000000000000000111110000000
00000000000111110000000000000000000000000000000000000000000000000000000000000000000000000000000000000000000000000000111110000000
00000000000111110000000000000000000000000000000000000000000000000000000000000000000000000000000000000000000000000000111110000000
00000000000111110000000000000000000000000000000000000000000000000000000000000000000000000000000000000000000000000000111110000000
00000000000111110000000000000000000000000000000000000000000000000000000000000000000000000000000000000000000000000000111110000000
00000000000111110000000000000000000000000000000000000000000000000000000000000000000000000000000000000000000000000000111110000000
00000000000111110000000000000000000000000000000000000000000000000000000000000000000000000000000000000000000000000000111110000000
00000111111000000000000000000000000000000000000000000000000000000000000000000000000000000000000000000000000000000000000001111100
00000111111000000000000000000000000000000000000000000000000000000000000000000000000000000000000000000000000000000000000001111100
00000111111000000000000000000000000000000000000000000000000000000000000000000000000000000000000000000000000000000000000001111100
00000111111000000000000000000000000000000000000000000000000000000000000000000000000000000000000000000000000000000000000001111100
00000111111000000000000000000000000000000000000000000000000000000000000000000000000000000000000000000000000000000000000001111100
00000111111000000000000000000000000000000000000000000000000000000000000000000000000000000000000000000000000000000000000001111100
00000111111000000000000000000000000000000000000000000000000000000000000000000000000000000000000000000000000000000000000001111100
00000111111000000000000000000000000000000000000000000000000000000000000000000000000000000000000000000000000000000000000001111100
01111000000000000000000000000000000000000000000000000000000000000000000000000000000000000000000000000000000000011111111110000000
01111000000000000000000000000000000000000000000000000000000000000000000000000000000000000000000000000000000000011111111110000000
01111000000000000000000000000000000000000000000000000000000000000000000000000000000000000000000000000000000000011111111110000000
01111000000000000000000000000000000000000000000000000000000000000000000000000000000000000000000000000000000000011111111110000000
01111000000000000000000000000000000000000000000000000000000000000000000000000000000000000000000000000000000000011111111110000000
01111000000000000000000000000000000000000000000000000000000000000000000000000000000000000000000000000011111111100000000000000000
01111000000000000000000000000000000000000000000000000000000000000000000000000000000000000000000000000011111111100000000000000000
01111000000000000000000000000000000000000000000000000000000000000000000000000000000000000000000000000011111111100000000000000000
01111000000000000000000000000000000000000000000000000000000000000000000000000000000000000000000000000011111111100000000000000000
01111000000000000000000000000000000000000000000000000000000000000000000000000000000000000000000000000011111111100000000000000000
01111000000000000000000000000000000000000000000000000000000000000000000000000000000000000000011111111100000000000000000000000000
01111000000000000000000000000000000000000000000000000000000000000000000000000000000000000000011111111100000000000000000000000000
01111000000000000000000000000000000000000000000000000000000000000000000000000000000000000000011111111100000000000000000000000000
01111000000000000000000000000000000000000000000000000000000000000000000000000000000000000000011111111100000000000000000000000000
01111000000000000000000000000000000000000000000000000000000000000000000000000000000000000000011111111100000000000000000000000000
01111000000000000000000000000000000000000000000000000000000000000000000000000000000011111111100000000000000000000000000000000000
01111000000000000000000000000000000000000000000000000000000000000000000000000000000011111111100000000000000000000000000000000000
01111000000000000000000000000000000000000000000000000000000000000000000000000000000011111111100000000000000000000000000000000000
01111000000000000000000000000000000000000000000000000000000000000000000000000000000011111111100000000000000000000000000000000000
01111000000000000000000000000000000000000000000000000000000000000000000001111111111100000000000000000000000000000000000000000000
01111000000000000000000000000000000000000000000000000000000000000000000001111111111100000000000000000000000000000000000000000000
01111000000000000000000000000000000000000000000000000000000000000000000001111111111100000000000000000000000000000000000000000000
01111000000000000000000000000000000000000000000000000000000000000000000001111111111100000000000000000000000000000000000000000000
01111000000000000000000000000000000000000000000000000000000000001111111110000000000000000000000000000000000000000000000000000000
01111000000000000000000000000000000000000000000000000000000000001111111110000000000000000000000000000000000000000000000000000000
01111000000000000000000000000000000000000000000000000000000000001111111110000000000000000000000000000000000000000000000000000000
01111000000000000000000000000000000000000000000000000000000000001111111110000000000000000000000000000000000000000000000000000000
01111000000000000000000000000000000000000000000000000000000000001111111110000000000000000000000000000000000000000000000000000000
01111000000000000000000000000000000000000000000000000000000000000000000001111111111100000000000000000000000000000000000000000000
01111000000000000000000000000000000000000000000000000000000000000000000001111111111100000000000000000000000000000000000000000000
01111000000000000000000000000000000000000000000000000000000000000000000001111111111100000000000000000000000000000000000000000000
01111000000000000000000000000000000000000000000000000000000000000000000001111111111100000000000000000000000000000000000000000000
01111000000000000000000000000000000000000000000000000000000000000000000000000000000011111111100000000000000000000000000000000000
01111000000000000000000000000000000000000000000000000000000000000000000000000000000011111111100000000000000000000000000000000000
01111000000000000000000000000000000000000000000000000000000000000000000000000000000011111111100000000000000000000000000000000000
01111000000000000000000000000000000000000000000000000000000000000000000000000000000011111111100000000000000000000000000000000000
01111000000000000000000000000000000000000000000000000000000000000000000000000000000000000000011111111100000000000000000000000000
01111000000000000000000000000000000000000000000000000000000000000000000000000000000000000000011111111100000000000000000000000000
01111000000000000000000000000000000000000000000000000000000000000000000000000000000000000000011111111100000000000000000000000000
01111000000000000000000000000000000000000000000000000000000000000000000000000000000000000000011111111100000000000000000000000000
01111000000000000000000000000000000000000000000000000000000000000000000000000000000000000000011111111100000000000000000000000000
01111000000000000000000000000000000000000000000000000000000000000000000000000000000000000000011111111100000000000000000000000000
01111000000000000000000000000000000000000000000000000000000000000000000000000000000000000000000000000011111111100000000000000000
01111000000000000000000000000000000000000000000000000000000000000000000000000000000000000000000000000011111111100000000000000000
01111000000000000000000000000000000000000000000000000000000000000000000000000000000000000000000000000011111111100000000000000000
01111000000000000000000000000000000000000000000000000000000000000000000000000000000000000000000000000011111111100000000000000000
01111000000000000000000000000000000000000000000000000000000000000000000000000000000000000000000000000000000000011111111110000000
01111000000000000000000000000000000000000000000000000000000000000000000000000000000000000000000000000000000000011111111110000000
01111000000000000000000000000000000000000000000000000000000000000000000000000000000000000000000000000000000000011111111110000000
01111000000000000000000000000000000000000000000000000000000000000000000000000000000000000000000000000000000000011111111110000000
00000111111000000000000000000000000000000000000000000000000000000000000000000000000000000000000000000000000000000000000001111100
00000111111000000000000000000000000000000000000000000000000000000000000000000000000000000000000000000000000000000000000001111100
00000111111000000000000000000000000000000000000000000000000000000000000000000000000000000000000000000000000000000000000001111100
00000111111000000000000000000000000000000000000000000000000000000000000000000000000000000000000000000000000000000000000001111100
00000111111000000000000000000000000000000000000000000000000000000000000000000000000000000000000000000000000000000000000001111100
00000111111000000000000000000000000000000000000000000000000000000000000000000000000000000000000000000000000000000000000001111100
00000111111000000000000000000000000000000000000000000000000000000000000000000000000000000000000000000000000000000000000001111100
00000111111000000000000000000000000000000000000000000000000000000000000000000000000000000000000000000000000000000000000001111100
00000111111000000000000000000000000000000000000000000000000000000000000000000000000000000000000000000000000000000000000001111100
00000000000111110000000000000000000000000000000000000000000000000000000000000000000000000000000000000000000000000000111110000000
00000000000111110000000000000000000000000000000000000000000000000000000000000000000000000000000000000000000000000000111110000000
00000000000111110000000000000000000000000000000000000000000000000000000000000000000000000000000000000000000000000000111110000000
00000000000111110000000000000000000000000000000000000000000000000000000000000000000000000000000000000000000000000000111110000000
00000000000111110000000000000000000000000000000000000000000000000000000000000000000000000000000000000000000000000000111110000000
00000000000111110000000000000000000000000000000000000000000000000000000000000000000000000000000000000000000000000000111110000000
00000000000111110000000000000000000000000000000000000000000000000000000000000000000000000000000000000000000000000000111110000000
00000000000111110000000000000000000000000000000000000000000000000000000000000000000000000000000000000000000000000000111110000000
00000000000111110000000000000000000000000000000000000000000000000000000000000000000000000000000000000000000000000000111110000000
00000000000000001111100000000000000000000000000000000000000000000000000000000000000000000000000000000000000000011111000000000000
00000000000000001111100000000000000000000000000000000000000000000000000000000000000000000000000000000000000000011111000000000000
00000000000000001111100000000000000000000000000000000000000000000000000000000000000000000000000000000000000000011111000000000000
00000000000000001111100000000000000000000000000000000000000000000000000000000000000000000000000000000000000000011111000000000000
00000000000000001111100000000000000000000000000000000000000000000000000000000000000000000000000000000000000000011111000000000000
00000000000000000000011111111110000000000000000000000000000000000000000000000000000000000000000000000011111111100000000000000000
00000000000000000000011111111110000000000000000000000000000000000000000000000000000000000000000000000011111111100000000000000000
00000000000000000000011111111110000000000000000000000000000000000000000000000000000000000000000000000011111111100000000000000000
00000000000000000000011111111110000000000000000000000000000000000000000000000000000000000000000000000011111111100000000000000000
00000000000000000000011111111110000000000000000000000000000000000000000000000000000000000000000000000011111111100000000000000000
00000000000000000000000000000001111111100000000000000000000000000000000000000000000000000000011111111100000000000000000000000000
00000000000000000000000000000001111111100000000000000000000000000000000000000000000000000000011111111100000000000000000000000000
00000000000000000000000000000001111111100000000000000000000000000000000000000000000000000000011111111100000000000000000000000000
00000000000000000000000000000001111111100000000000000000000000000000000000000000000000000000011111111100000000000000000000000000
00000000000000000000000000000000000000011111111111111111111111111111111111111111111111111111100000000000000000000000000000000000
00000000000000000000000000000000000000011111111111111111111111111111111111111111111111111111100000000000000000000000000000000000
00000000000000000000000000000000000000011111111111111111111111111111111111111111111111111111100000000000000000000000000000000000
00000000000000000000000000000000000000011111111111111111111111111111111111111111111111111111100000000000000000000000000000000000
00000000000000000000000000000000000000000000000000000000000000000000000000000000000000000000000000000000000000000000000000000000
00000000000000000000000000000000000000000000000000000000000000000000000000000000000000000000000000000000000000000000000000000000
00000000000000000000000000000000000000000000000000000000000000000000000000000000000000000000000000000000000000000000000000000000