0000000000000000000000000000000000000000000000000000000000000000
0000000000000000000000000000000000000000000000000000000000000000
0000000000000000000000000000000000000000000000000000000000000000
0000000000000111111111110000000000000000000000000000000000000000
0000000000011000000000001100000000000000000000000000000000000000
0000000001100000000000000011000000000000000000000000000000000000
0000000010000000000000000000100000000000000000000000000000000000
0000000100000000000000000000010000000000000000000000000000000000
0000000100000000000010000000010000000000000000000000000000000000
0000001000000000000110000000001000000000000000000000000000000000
0000001000000000000111100000001000000000000000000000000000000000
0000010000000000000111100000110000000000000000000000000000000000
0000010000000000000011000011000000000000000000000000000000000000
0000010000000000000000001100000000000000000000000000000000000000
0000010000000000000000110000000000000000000000000000000000000000
0000010000000000000011000000000000000000000000000000000000000000
0000010000000000001100000000000000000000000000000000000000000000
0000010000000000000011000000000000000000000000000000000000000000
0000010000000000000000110000000000000000000000000000000000000000
0000010000000000000000001100000000000000000000000000000000000000
0000010000000000000000000011000000000000000000000000000000000000
0000010000000000000000000000110000000000000000000000000000000000
0000001000000000000000000000001000000000000000000000000000000000
0000001000000000000000000000001000000000000000000000000000000000
0000000100000000000000000000010000000000000000000000000000000000
0000000100000000000000000000010000000000000000000000000000000000
0000000010000000000000000000100000000000000000000000000000000000
0000000001100000000000000011000000000000000000000000000000000000
0000000000011000000000001100000000000000000000000000000000000000
0000000000000111111111110000000000000000000000000000000000000000
0000000000000000000000000000000000000000000000000000000000000000
0000000000000000000000000000000000000000000000000000000000000000
0000000000000000000000000000000000000000000000000000000000000000
0000000000000000000000000000000000000000000000000000000000000000
0000000000000000000000000000000000000000000000000000000000000000
0000000000000000000000000000000000000000000000000000000000000000
0000000000000000000000000000000000000000000000000000000000000000
0000000000000000000000000000000000000000000000000000000000000000
0000000000000000000000000000000000000000000000000000000000000000
0000000000000000000000000000000000000000000000000000000000000000
0000000000000000000000000000000000000000000000000000000000000000
0000000000000000000000000000000000000000000000000000000000000000
0000000000000000000000000000000000000000000000000000000000000000
0000000000000000000000000000000000000000000000000000000000000000
0000000000000000000000000000000000000000000000000000000000000000
0000000000000000000000000000000000000000000000000000000000000000
0000000000000000000000000000000000000000000000000000000000000000
0000000000000000000000000000000000000000000000000000000000000000
0000000000000000000000000000000000000000000000000000000000000000
0000000000000000000000000000000000000000000000000000000000000000
0000000000000000000000000000000000000000000000000000000000000000
0000000000000000000000000000000000000000000000000000000000000000
0000000000000000000000000000000000000000000000000000000000000000
0000000000000000000000000000000000000000000000000000000000000000
0000000000000000000000000000000000000000000000000000000000000000
0000000000000000000000000000000000000000000000000000000000000000
0000000000000000000000000000000000000000000000000000000000000000
0000000000000000000000000000000000000000000000000000000000000000
0000000000000000000000000000000000000000000000000000000000000000
0000000000000000000000000000000000000000000000000000000000000000
0000000000000000000000000000000000000000000000000000000000000000
0000000000000000000000000000000000000000000000000000000000000000
0000000000000000000000000000000000000000000000000000000000000000
0000000000000000000000000000000000000000000000000000000000000000