00000000000000000000000000000000000000000000000000000000000000000000000000000000000000000000000000000000000000000000000000000000
00000000000000000000000000000000000000000000000000000000000000000000000000000000000000000000000000000000000000000000000000000000
00000000000000000000000000000000000000000000000000000000000000000000000000000000000000000000000000000000000000000000000000000000
00000000000000000000000000000000000000000000000000000000011111111111111100000000000000000000000000000000000000000000000000000000
00000000000000000000000000000000000000000000000000011111111111111111111111111100000000000000000000000000000000000000000000000000
00000000000000000000000000000000000000000000000111111111111111111111111111111111110000000000000000000000000000000000000000000000
00000000000000000000000000000000000000000000111111111111100000000000000011111111111110000000000000000000000000000000000000000000
00000000000000000000000000000000000000000111111111100000000000000000000000000011111111110000000000000000000000000000000000000000
00000000000000000000000000000000000000011111111000000000000000000000000000000000001111111100000000000000000000000000000000000000
00000000000000000000000000000000000001111111000000000000000000000000000000000000000001111111000000000000000000000000000000000000
00000000000000000000000000000000000111111000000000000000000000000000000000000000000000001111110000000000000000000000000000000000
00000000000000000000000000000000011111100000000000000000000000000000000000000000000000000011111100000000000000000000000000000000
00000000000000000000000000000001111110000000000000000000000000000000000000000000000000000000111111000000000000000000000000000000
00000000000000000000000000000011111000000000000000000000000000000000000000000000000000000000001111100000000000000000000000000000
00000000000000000000000000001111100000000000000000000000000000000000000000000000000000000000000011111000000000000000000000000000
00000000000000000000000000011110000000000000000000000000000000000000000000000000000000000000000000111100000000000000000000000000
00000000000000000000000000111100000000000000000000000000000000000000000000000000000000000000000000011110000000000000000000000000
00000000000000000000000011110000000000000000000000000000000000000000000000000000000000000000000000000111100000000000000000000000
00000000000000000000000111100000000000000000000000000000000000000000000000000000000000000000000000000011110000000000000000000000
00000000000000000000001111000000000000000000000000000000000000000000000000000000000000000000000000000001111000000000000000000000
00000000000000000000011100000000000000000000000000000000000000000000000000000000000000000000000000000000011100000000000000000000
00000000000000000000111000000000000000000000000000000000000000000000000000000000000000000000000000000000001110000000000000000000
00000000000000000001110000000000000000000000000000000000000000000000000000000000000000000000000000000000000111000000000000000000
00000000000000000011100000000000000000000000000000000000000000000000000000000000000000000000000000000000000011100000000000000000
00000000000000000111000000000000000000000000000000000000000000000000000000000000000000000000000000000000000001110000000000000000
00000000000000001110000000000000000000000000000000000000000000000000000000000000000000000000000000000000000000111000000000000000
00000000000000011100000000000000000000000000000000000000000000000000000000000000000000000000000000000000000000011100000000000000
00000000000000011100000000000000000000000000000000000000000000000000000000000000000000000000000000000000000000011100000000000000
00000000000000111000000000000000000000000000000000000000000000000000000000000000000000000000000000000000000000001110000000000000
00000000000001110000000000000000000000000000000000000000000000000000000000000000000000000000000000000000000000000111000000000000
00000000000011100000000000000000000000000000000000000000000000000000000000000000000000000000000000000000000000000011100000000000
00000000000011100000000000000000000000000000000000000000000000000000000000000000000000000000000000000000000000000011100000000000
00000000000111000000000000000000000000000000000000000000000000000000000000000000000000000000000000000000000000000001110000000000
00000000001110000000000000000000000000000000000000000000000000000000000000000000000000000000000000000000000000000000111000000000
00000000001110000000000000000000000000000000000000000000000000000000000000000000000000000000000000000000000000000000111000000000
00000000011100000000000000000000000000000000000000000000000000000000000000000000000000000000000000000000000000000000011100000000
00000000111000000000000000000000000000000000000000000000000000000000000000000000000000000000000000000000000000000000001110000000
00000000111000000000000000000000000000000000000000000000000000000000000000000000000000000000000000000000000000000000001110000000
00000001110000000000000000000000000000000000000000000000000000000000000000000000000000000000000000000000000000000000000111000000
00000001110000000000000000000000000000000000000000000000000000000000000000000000000000000000000000000000000000000000000111000000
00000011100000000000000000000000000000000000000000000000000000000000000000000000000000000000000000000000000000000000000011100000
00000011100000000000000000000000000000000000000000000000000000000000000000000000000000000000000000000000000000000000000011100000
00000011100000000000000000000000000000000000000000000000000000000000000000000000000000000000000000000000000000000000000011100000
00000111000000000000000000000000000000000000000000000000000000000000000000000000000000000000000000000000000000000000000001110000
00000111000000000000000000000000000000000000000000000000000000000000000000000000000000000000000000000000000000000000000001110000
00001110000000000000000000000000000000000000000000000000000000000000000000000000000000000000000000000000000000000000000000111000
00001110000000000000000000000000000000000000000000000000000000000000000000000000000000000000000000000000000000000000000000111000
00001110000000000000000000000000000000000000000000000000000000000000000000000000000000000000000000000000000000000000000000111000
00011100000000000000000000000000000000000000000000000000000000000000000000000000000000000000000000000000000000000000000000011100
00011100000000000000000000000000000000000000000000000000000000000000000000000000000000000000000000000000000000000000000000011100
00011100000000000000000000000000000000000000000000000000000000000000000000000000000000000000000000000000000000000000000000011100
00011100000000000000000000000000000000000000000000000000000000000000000000000000000000000000000000000000000000000000000000011100
00111000000000000000000000000000000000000000000000000000000000000000000000000000000000000000000000000000000000000000000000001110
00111000000000000000000000000000000000000000000000000000000000000000000000000000000000000000000000000000000000000000000000001110
00111000000000000000000000000000000000000000000000000000000000000000000000000000000000000000000000000000000000000000000000001110
00111000000000000000000000000000000000000000000000000000000000000000000000000000000000000000000000000000000000000000000000001110
00111000000000000000000000000000000000000000000000000000000000000000000000000000000000000000000000000000000000000000000000001110
00111000000000000000000000000000000000000000000000000000000000000000000000000000000000000000000000000000000000000000000000001110
01110000000000000000000000000000000000000000000000000000000000000000000000000000000000000000000000000000000000000000000000000111
01110000000000000000000000000000000000000000000000000000000000000000000000000000000000000000000000000000000000000000000000000111
01110000000000000000000000000000000000000000000000000000000000000000000000000000000000000000000000000000000000000000000000000111
01110000000000000000000000000000000000000000000000000000000000000000000000000000000000000000000000000000000000000000000000000111
01110000000000000000000000000000000000000000000000000000000000000000000000000000000000000000000000000000000000000000000000000111
01110000000000000000000000000000000000000000000000000000000000000000000000000000000000000000000000000000000000000000000000000111
01110000000000000000000000000000000000000000000000000000000000000000000000000000000000000000000000000000000000000000000000000111
01110000000000000000000000000000000000000000000000000000000000000000000000000000000000000000000000000000000000000000000000000111
01110000000000000000000000000000000000000000000000000000000000000000000000000000000000000000000000000000000000000000000000000111
01110000000000000000000000000000000000000000000000000000000000000000000000000000000000000000000000000000000000000000000000000111
01110000000000000000000000000000000000000000000000000000000000000000000000000000000000000000000000000000000000000000000000000111
01110000000000000000000000000000000000000000000000000000000000000000000000000000000000000000000000000000000000000000000000000111
01110000000000000000000000000000000000000000000000000000000000000000000000000000000000000000000000000000000000000000000000000111
01110000000000000000000000000000000000000000000000000000000000000000000000000000000000000000000000000000000000000000000000000111
00111000000000000000000000000000000000000000000000000000000000000000000000000000000000000000000000000000000000000000000000001110
00111000000000000000000000000000000000000000000000000000000000000000000000000000000000000000000000000000000000000000000000001110
00111000000000000000000000000000000000000000000000000000000000000000000000000000000000000000000000000000000000000000000000001110
00111000000000000000000000000000000000000000000000000000000000000000000000000000000000000000000000000000000000000000000000001110
00111000000000000000000000000000000000000000000000000000000000000000000000000000000000000000000000000000000000000000000000001110
00111000000000000000000000000000000000000000000000000000000000000000000000000000000000000000000000000000000000000000000000001110
00011100000000000000000000000000000000000000000000000000000000000000000000000000000000000000000000000000000000000000000000011100
00011100000000000000000000000000000000000000000000000000000000000000000000000000000000000000000000000000000000000000000000011100
00011100000000000000000000000000000000000000000000000000000000000000000000000000000000000000000000000000000000000000000000011100
00011100000000000000000000000000000000000000000000000000000000000000000000000000000000000000000000000000000000000000000000011100
00001110000000000000000000000000000000000000000000000000000000000000000000000000000000000000000000000000000000000000000000111000
00001110000000000000000000000000000000000000000000000000000000000000000000000000000000000000000000000000000000000000000000111000
00001110000000000000000000000000000000000000000000000000000000000000000000000000000000000000000000000000000000000000000000111000
00000111000000000000000000000000000000000000000000000000000000000000000000000000000000000000000000000000000000000000000001110000
00000111000000000000000000000000000000000000000000000000000000000000000000000000000000000000000000000000000000000000000001110000
00000011100000000000000000000000000000000000000000000000000000000000000000000000000000000000000000000000000000000000000011100000
00000011100000000000000000000000000000000000000000000000000000000000000000000000000000000000000000000000000000000000000011100000
00000011100000000000000000000000000000000000000000000000000000000000000000000000000000000000000000000000000000000000000011100000
00000001110000000000000000000000000000000000000000000000000000000000000000000000000000000000000000000000000000000000000111000000
00000001110000000000000000000000000000000000000000000000000000000000000000000000000000000000000000000000000000000000000111000000
00000000111000000000000000000000000000000000000000000000000000000000000000000000000000000000000000000000000000000000001110000000
00000000111000000000000000000000000000000000000000000000000000000000000000000000000000000000000000000000000000000000001110000000
00000000011100000000000000000000000000000000000000000000000000000000000000000000000000000000000000000000000000000000011100000000
00000000001110000000000000000000000000000000000000000000000000000000000000000000000000000000000000000000000000000000111000000000
00000000001110000000000000000000000000000000000000000000000000000000000000000000000000000000000000000000000000000000111000000000
00000000000111000000000000000000000000000000000000000000000000000000000000000000000000000000000000000000000000000001110000000000
00000000000011100000000000000000000000000000000000000000000000000000000000000000000000000000000000000000000000000011100000000000
00000000000011100000000000000000000000000000000000000000000000000000000000000000000000000000000000000000000000000011100000000000
00000000000001110000000000000000000000000000000000000000000000000000000000000000000000000000000000000000000000000111000000000000
00000000000000111000000000000000000000000000000000000000000000000000000000000000000000000000000000000000000000001110000000000000
00000000000000011100000000000000000000000000000000000000000000000000000000000000000000000000000000000000000000011100000000000000
00000000000000011100000000000000000000000000000000000000000000000000000000000000000000000000000000000000000000011100000000000000
00000000000000001110000000000000000000000000000000000000000000000000000000000000000000000000000000000000000000111000000000000000
00000000000000000111000000000000000000000000000000000000000000000000000000000000000000000000000000000000000001110000000000000000
00000000000000000011100000000000000000000000000000000000000000000000000000000000000000000000000000000000000011100000000000000000
00000000000000000001110000000000000000000000000000000000000000000000000000000000000000000000000000000000000111000000000000000000
00000000000000000000111000000000000000000000000000000000000000000000000000000000000000000000000000000000001110000000000000000000
00000000000000000000011100000000000000000000000000000000000000000000000000000000000000000000000000000000011100000000000000000000
00000000000000000000001111000000000000000000000000000000000000000000000000000000000000000000000000000001111000000000000000000000
00000000000000000000000111100000000000000000000000000000000000000000000000000000000000000000000000000011110000000000000000000000
00000000000000000000000011110000000000000000000000000000000000000000000000000000000000000000000000000111100000000000000000000000
00000000000000000000000000111100000000000000000000000000000000000000000000000000000000000000000000011110000000000000000000000000
00000000000000000000000000011110000000000000000000000000000000000000000000000000000000000000000000111100000000000000000000000000
00000000000000000000000000001111100000000000000000000000000000000000000000000000000000000000000011111000000000000000000000000000
00000000000000000000000000000011111000000000000000000000000000000000000000000000000000000000001111100000000000000000000000000000
00000000000000000000000000000001111110000000000000000000000000000000000000000000000000000000111111000000000000000000000000000000
00000000000000000000000000000000011111100000000000000000000000000000000000000000000000000011111100000000000000000000000000000000
00000000000000000000000000000000000111111000000000000000000000000000000000000000000000001111110000000000000000000000000000000000
00000000000000000000000000000000000001111111000000000000000000000000000000000000000001111111000000000000000000000000000000000000
00000000000000000000000000000000000000011111111000000000000000000000000000000000001111111100000000000000000000000000000000000000
00000000000000000000000000000000000000000111111111100000000000000000000000000011111111110000000000000000000000000000000000000000
00000000000000000000000000000000000000000000111111111111100000000000000011111111111110000000000000000000000000000000000000000000
00000000000000000000000000000000000000000000000111111111111111111111111111111111110000000000000000000000000000000000000000000000
00000000000000000000000000000000000000000000000000011111111111111111111111111100000000000000000000000000000000000000000000000000
00000000000000000000000000000000000000000000000000000000011111111111111100000000000000000000000000000000000000000000000000000000
00000000000000000000000000000000000000000000000000000000000000000000000000000000000000000000000000000000000000000000000000000000